638 OBS OCU

01111111 11111111 111,(111111111, . 0111171111,3,18.-111111171111
,6, 7, 1191111111(Τ1171111)111,4,11.

Obliquus 0111111 w, 3, 11. - 011111, nescio (7111711111,11111“
obliqua 1111 lv, 6, 3ο.-1·111 (11· 1111111 minuta 1111111111 11 , 19, 3.

(11111)111’,1,81.-·11111911111111 01111118111111111111111111191
1v‚‚8 77.1911111’1117’19111,·1 15, 11. -41111
011111111171111171111(1711111111)111111),11111“1111111111111111111·
11, 3 3. 1111111111· ,,111,18 15.-11111111,
011111111οοί11 1111117111111111 17111,111.11’,3,19.1111111111111
l, 6, 11. ·- 11111111111111111111 111111, 111 coiere 1111111 111, 7, 54.
11111111 urna (Τ11711111)1 111, 4, 11. 01111111111111 1, 18, 3. -11
-1111111111111 711111111111111, cultu in 1111111111 111111 11, 33,
15, 16. 7. -111111111 munibus (71111111 tihi
0111111111 11111117711111111 11111111, 1111 1111, 71111111 1, 16,44.- 11-
1,11. 1 11111111171111111111111,11,54.
0117111111 1111111711 11111111 Occupat 11111 1111111 11111111,
fastus 1111711111 11, 14, 13. - ob· 6, 36.-11111111111(’1“1171111)111,
7111111111111111, 6, 17. - 111711· 4, 84.
1111 (1111111111, 19, 39. Occurrit 111711 fortuna 111171111-
01711111117111111111, 13, 13.- denti 1111111111 1, 11, 3.
obprobria quae 111111 1111111111- 0111111111111,9,17.-111111-
stris 1111111 11111111111, 11,19.- 1111 1, 11, 7. - 7111111111 sum·
obprobrio 1111 fuit 11111 1111111111 1111111111, 1, 11. -111111111 11, 6,
sine 1111111, 1, 6. 19-11111111111111 11, 15, 7. ·-
011711711111(1111111)1111111111111 1111111111, 3, 19. - 1111111, 17,
nanuum 1111 Ρ1111111111111111, 11.-11111711111111,3,33.-11
11, 13. -1117117711111 111-1111111111 11111111111111111111111111111, 15, 33.
7111711111 11111191111111, 15, 45. - 11111111 nostri 111111711111111111-
0111111111,711111111, 81111111 111-11111111,11,7.-11111111111111
sano 1111111111, 7,6.-11)11111 11111 1111111111·1,5, 11. -1111101
11111111111111 11,.9 911111111911117711111 1111111111·
01111111111111,6,17.- (1111 11, 13 1,7.-111111111171111111
11111111111111717711111111,11, 31. 11111111111117111111111, 16, 31.
-11111111111111111111, 16, 11. - 1111 1711111111111 6111111111·
Obscuroe 1111 prima taberna 11111 1111111111, 16, 13. - 111111 1711171-
111171111111, 8, 61. - 1111111111· pe 11111 uon 111111 1111111111 1, 9,
11111111111119111111111111111111111 17.
11, 16, 55. octipedis Cancri 11191 sinim
Obsequium 1111111111 1, 8, 4ο. 11111 111, 1, 151.
01111111 117711 11111111911111 111, 01111,171111111111111, 1111111111
11, 8. · 11111,11,3,14.-111111111111111
01111111111111111,15, 15. 11, 15,11.-7711111111,19,11
0111711111111111111111111141111- - 1111111111, 7, 13. - 1117111111
111)1,1 16, 46. -1111111111111111 111 ,11,15.-111111111111111111111
11111111 Α11111,11·, 11, 6-111111 arma Sabina31V, 4, 31.-·11111
ιι111111117111111,4,,4 111111111111111111111119111111,11

 

