696

Caiaia et Zetes ; 1, 10, 16.
(1111119111, 9, 10.
01101111, Ν, 1 , 109.
callimachus;·n, 1, 403111, 1, 1,
Ν, 1,64. ’
(111110710;1,1,18,11,1,3,ΙΙΙ,
1, 11,111, 3, 36.
61111110, 11, 18, 13.
6111111,11,15,4,ΙΙ,34,89.
(1117910,1,15,9,11,11,13.
Cambysae flumina ; ΙΙ, 16, 13.
Camillus, 111, 11,67.
camillo· 1119101,111,’9 , 31.
Camoenae3111, 10, 1.
Campania 91191111, 111·, 5, 5.
Cancri octipedis 11191, Ν, 1, 150.
0111160011,11,16,4. ·
(11111111191911, 111, 3, 10.
011091111011111, 111, 11, 39.
Capanei 10111, ΙΙ, 34. 40.
Capena 710111, Ν, 3, 71.
Capharea 1111, ΙΙΙ, 7, 39.
Capitolia 1111111,Ν, 4, 17.
Capricornus ,11, 1 , 86.
6119111111,ΙΙ, 5, 11,111,7,11.
(1111111190, ΙΙ, 1, 13.
Cassiopea, 17, 3.

“ Castalia arbor, ΙΙΙ, 3, 13.

611101,1,1, 15, ΙΙ, 7, 16,111,
16111ἶί11111, 1,.
6199117179,1,14,6,11,1,69,11,

Ι 6171111011,ΙΙΙ, 11, 15.
Cecropium ΙΙ, 10, 6,11, 33, 19.
6111111111,11,1,1ο,11,6, 17,

ΙΙ, 33, 31.
Cepheia;1, 3, 3,Ν, 6, 76.
01110111, Ι, 6, 19;11, 16, 3.
6111111111,ΙΙΙ,5,44,Ν,5,3;Ν,
11 , 15.
661011110111161, Ι, 9, 5.
6111176611,11,16, 54,111, rma.
0111101, ΙΙ, 1 , 60.
Ciconum 11111111, 111, 11, 15.
Cilissa spica ς lV, 6, 75.

11111

Cimbrorum minas ; 11, 1, 11.
611111, Ν, 1 ’, 99.

Circe 11111111, ΙΙΙ, 11, ’,7.
(3110111911, 1, 53. ·
ΟΙὼι101,ΙΙΙ, 1, 3,ΙΙΙ, 15, 17.
Claudia, Ν, 11, 51.

Claudiusdll, ,8, 33, Ν, ιο, 39 ,
(111111111911,19,15,111,11,13. ,
(117111111οω,111,19,19,11’,7,57. ,

Cnidius 01111111, 111, 7 , 49.
Coelen 111, ιι, 15.
οα111,111,9,58.

6111111911,1,54,11,11,11,ΙΙ,

34,6;111,’11,9.
Colchus 1111111, 111, 11, 4.
60111111 11111111,Ν,5, 11.
(10101, Ν, 1, 80.
Cora capta jugele, 10, 16.
(10111111,11,3,11.
0011111111,ΙΙΙ, 5, 6.
60111111, Ν, 11, 13.
60171101,11, 34, 73.
Gonnum, 10,13.

(1011,Ι,1,1,11,1,5,11,1,61

111,1,1,Ν,5,13.

(1111111,11,10,14,111, 4,9,111,

51481Ν16183·
6111111,11, 1,61,Ν, 7, 57.
61111111,111,19,11,111,1916.
6111111,11,16,30,11,11,ι1.

0111111,11,16,13,111,5,17;

111,18, 16.
cunm vatia 111111,11, 1,16.
Cum Τιῑίἰ, Ν, 9, 74.
Curios 1111111, 111, 3, 7.
611611,111,1·1,63.

(17111111,.111, 17, 35,111, 11,3,111,

cyiiiiii (11111), 111, 13.17.
071011010111111, 11, 16, 16.

67111111,1,1,1,1,11,10,1,11,
6,11,19,11,111,14,3;Ν,7,

3, Ν, 7, 65, eta.
Cynthius, 11, 34, 60.
6911111119111, Ν, 6, 1.
67111110111111,11,1 7.

 

