,698

0111111· ,,1,11 7, 11 ,34, 91, ·,Ν

1 ,95.
(11111,11,51,13.
61111111,11,13,48,111,13,54.
61ηο11111111111,111,11,9.
(11111 11111111,Ν, 3, 9, Ν, 5, 44.
(119111111111111 111, 1, 11, 9.
6111111111 camb 111, Ν, 3, 55.
(11111111,11,16, 13
611111,1,3,1.
6111111,11,11,11.
611911,11,1,8,11,15,13,Ν,

,58

6519111111,111, 3, 31.
(1111111,11,6,1,11,9,17,111,

7, 4ο,Ν, 1, 116.

6111111, 11, 34, 65, 111, 1,41111, 1
1191111111111111111,1, 1, 13,

9, 41 , Ν, 8, 38.
Graium 11111911, 11, 6, 19.
611111, 11, 31, 61.

699111 11111,111,11,18.
H.
11111111, 1,6, 1.

Remo· 1811111111,11,8, 11.

1111111111,1,13,11,1,15,10; ⁴

' 11,1,63,11,8,38,111,1,18.
1111111191811,1,11,31,11,31,
311113416-
1111111111,111,3,11,1Π,11,59.
Ι1111111 11111161, 1, 13, 13.
1111111,11,8,38,11,’11,31,111,
1, 18,111, 8, 31.
1111111111·11,,8, 31, Ν 6, 38
11111111,,11 1, 5ο, 11, 3,31,11,
34,88, 111, 8, 3,1111, 14,
19. ·
11111111,111, 1, 19.
11111111,11,11,1,,111,3 1, ·,111
5,19.
111111,·11, 16, 5· ·111, 11,5.
1111111111,1,13,13,·1, 11,16,11,
13, 8,111,·,11,11Ν,9,1,,
Ν,9,71.

INDEX

1111111111,1, 11, 1,11, 31, 5111

ι, 81,4,Ν,7,81,’,,.Ν9,39

111111111119111111, 1 ,,4 6.
1111911111111111111111, ·,1Π 11, 11.
1111911111, 11, 3 ,4,4 11 ,14, 16,
ΝΗ 186· “
11151111111111,11,3,11.

3111111111,1,1,16. ·

Ηί99ο1111111,1,1,1ο,1,8,35.

, 1119911911, 11’, 3, 43.

Hippolyta„ Ν, 5, 5.

Ι1111111111,1,7,3, 1,9,11,11,1,
· 11,11,34,·35,111,1,33.

· 111111119111,111, 3, 7.

¹ 1111111, Ν, 1, 78.

1111191, Ν, 1, 77.
1198111111, 1, 11, 11.

11,111,1,11,6’, 1, 11, 31,1,11,

J Η915111111, Ν, 4, 61.

1191111911.

11991111111111,Ν,7,88,Ν,7,59.
1199119911,1,15, 18. -

j Hyrcani maris-litem 111 301 341
Hadrianum 1119111,111, 11, 17· ·

11111111,11,3,1,,Ν,1,11.
11111111 1111111111, 1, 1, 11.
11111,11,11,11,11,14,45,11,
34,85.
108Γ1184Π9339391
Icarii 111111, 11, 33, 14.
11111151, 111, 13, 11.
1111, 11, 31, 35.
11111111,11,,,,11411 31,,39111,
1,,1,711113,39,111,17,36.
1111111,Π,13,,54 Ν, 6 ,59
11111,1,1,17.
11111111,11,13,48,Ν,4,69.
11111,11,1,14,11 1,,51,11,34,
11111, 111, 1, 31. ’
11111;111,13’,61,11,ι,11.
1119111,1,8,1,11, 16,11111.

 

