ΜΜΜΙΜ ΜΜἋΜΜΜἎΛΜΜΝΙῶΜΜΜΜΜΜἉΝἈ

111111111111111111.

*¹000*-

Λ.

61111611, Ν, 5, 61.
61111111111911111,11, 13, 1.
611111, ΙΙ, 18, 53.

6111111111 1811111, ΙΙ, 34 , 33.
6111111111, ΙΙΙ,5, 13.

61161111111, 1,37,ΙΙ,3, 39111,

8,19;11,11,19,111,18,17,
Ν1 11139·
6111111,11,8,31,ΙΙΙ, 18, 29.
611111, Ν, 11, 9.
Actiacum 11111, ΙΙ, 15, 44.
611111,11,1,34,11,34,61,11’,
6,6 .
66111117111111, ΙΙ, 6, 13.
6611111, ΙΙ, 13, 53.
6611111 191111, ΙΙ, 34, 37.
1611111,ΙΙ,11,31;Ν, 11, 19.
Εε111,11,31,4,111,11,11.
Εῃ111;1,6,1,111,7,57.
1139991111,11,33,15.
AEflia (11111, ΙΙΙ, 11, 38.

AEmilia 11111, ΙΙΙ, 3, 8.

AEneas5 ΙΙ, 34, 63, Ν, 1, 2.

, 6111111,ΙΙ,3,19,ΙΙ,34,41.

6111191111 cothurnum ΙΙ, 34, 41.

61111111 61111111,ΙΙΙ, 11, 11.

1811111611,Ι,15,17.

11111111, 5;111, 17, 11.

18111111, ΙΙ, 34, 33.

611111, Ν, 11, 38.

6111119111, Ν, 11, 31.

61111111,Ν, 3, 48.

6911111111, Ν, 6, 33.

691111111111,ΙΙΙ,7, 11,Ν, 1,
111.

6911119911 17111, ΙΙ, 3, 1ο.

6111111191, ΙΙΙ,3,3;Ν, 1,35,
Ν, 6, 37.

Albanus 111111,111, 11, 15.

6111611, 1,·11, 19, ΙΙ, 14, 34611,

9, 311.

= 6111111111, Ι, 14,14.

Akmonia 111111, ΙΙΙ, 5, 41.
61111111, ΙΙ, 22, 15.
6111116111, ΙΙΙ, 11, 33.
111111, ΙΙ, 34, 73.
619111111111, Ι, 15, 15.

’ 61111111611, ΙΙΙ, 14, 13.

619911919111 quadri& 11111 111
, .
61191111,ΙΙΙ,15,19,ΙΙΙ, 15,11ι
6119111111 1711, Ι, 9, 11.
611911111911111611, Ν, 9, 1.
61117111, Ν, 5, 35.

6117111111, ΙΙ, 16, 47.

6191111111, ΙΙ, 3, 54.

6116119111, ΙΙ, 1,·61.

6161111111,ΙΙ,11,1,11,11,31.

6161111161, Ι, 3, 4, ΙΙΙ, 11, 293
Ν, 7, 63.

6111, ΙΙΙ, 11, 33, Ν, 7, 81.

6111111161,Ι,1ο,8,111,16,4.

6111111, ΙΙΙ, 22, 11.

Antigone 1111111111, 11,8,11.

6111111111, ΙΙ, 13, 49.

Antimachum ΙΙ, 34, 45.

6111111111, Ν, 5, 8.

61111191,Ι,4, 5, ΙΙΙ, 15, 14.

61111111 gram 1111111, ΙΙΙ, 9, 56.

61111111 11111111, 111, 11, 41.

61111111,Ι,1,18,111,3,41.

6911111, ΙΠ, 9, 11.

69111111 11111111,Ι,1,11.

6916111111, Ι, 3, 6.

691111 1111116111, ΙΙΙ, 11, 69- -
11111111;Ν, 1,75.-611111,1111
1, 7.- Ρ1111111111, Ν, 6, 11.

Appia 111, ΙΙ, 31, 6.

 

