NOMINUM. 713

R, 8111111117 1874, 5.
81111111,11,9,117111,1,17.

111111111111 718, 1, 31. 88111·11111117111,11,37.
1111111711, 1, 137111, 9, 511718, 8197111711,1ο, 8.

1,9οῑ51)718,6,801 81τωῦ1117111,11,84.
8111117111,3, 45718,111,4. 8179111718, 11, 13.
11119111111111171,6,3. 811778111711,17,7711, 16,,11.
81ι171,11,1711,6,11711,15, 8ω11111118111711,34,17.

46711, 31 ,437 ΙΙΙ, 1 ,157111, Spartanum, 4, 67111,14, 11. .

11,667Ι8,4,567Ν,1ο,1ο. 8711111118 1,4, 1.

1111111111· 7,,Ι7 117 ·,ΙΙ 11), 4711, 8171111117184771
mmm, 11, 317111, 21, 8177111711 ,34,537111,18,9, ·,18
157 18,·1,371164, Ν,4, 35. 3 ¹5

81111117111,11,517Ν,4,16. 81111111,18,7,16.

1111111117 11, 8, 117 Ι8,1, 317 8111111117111171117 3,45.
18,4,79718,6,43718,10, 81111711,13,1.

51114. 87711117 111, 11,61.
8711111711, 13, 3ο.
S. 871111711,9,337111,19,77111, ,
14,16.

81δί1117181, 517 18, 3, 58718,

4,111131. Τ.
8111111711,6,1’1711,31,47718, ·

4, 57 , Τ11111111117113711·1111,9.
8181111171,13,11·111,1913. Τ111111711,311,1.

81111111· 718,9,74. Τ1111111111,11,1,66711 17 5,

8111111117 ΙΙ, 31, 517 Ν, 1, 86. ’1111111117 ·,11 31 ,1.4

. 81111(911·111)7111,9, 39 Tarpeium, Ι 16,17 ΙΙΙ, 11 ,475

11171111111111,111, 11 ,67.18,1,,7 18, 4,11119
811111111117111,16,11. Τ11711117 18 ,47111151181
8171117 11, 16, 537 ·111, 11, 187 81141111117 81, 11 ,,47

111 19,11718,4’,.’39 8111117,,7,113147Ι8,1 31718,
817111 1111811111 11, 9, 16.1,51,.

81711117171718 , 3, 47. ’11747111Ι 711717 111, 14, 18.
817111111117111716, 13. Τ171111181117111, 3, 311.
81111171,14,11.’ · 1111·,11,3,311111.
1111111,11,3,1;11,8,11. ’1111711117 117 31, 4.
8111111711,18,1·7711,3ο, 19. ’8111111111 11118171,11,11.
&mirantia-mmm. 81111111117111,3,44. ,
,81117111711,14,33718,1,49. 11111711,,1,1,11,1,11..
8111111117Ι8,6,77. ’11111711111117117117 19. '³
811111111111111·1,16719Τ11111171,,7 17 11,1,11711, 6,
8111111711,1,187111, 18, 35. 57111,1,37111,17,33718’,’
, 8111111117 ·11, 16, 557 11,19757 5,15.

Ν 9, 47.8111111178,8,1471Ι,9,1507
8811111711,31,38;111,3,19 111, 18, 6.

 

